  
player = game.Players.LocalPlayer
char = player.Character
local TweenService = game:GetService("TweenService")
_G.nowings = true
wait(.1)
local Model = Instance.new("Model")
Model.WorldPivot = CFrame.new(-26.174686431885, 7.7919206619263, 50.385040283203, 1, 0, 0, 0, 0.99999392032623, 0, 0, 0, 0.99999392032623)

local Orange1 = Instance.new("MeshPart")
Orange1.Name = "Orange1"
Orange1.CanCollide = false
Orange1.Color = Color3.fromRGB(255, 176, 0)
Orange1.Massless = true
Orange1.Material = Enum.Material.Neon
Orange1.Reflectance = 1
Orange1.Size = Vector3.new(0.050005849450827, 3.4199826717377, 6.446400642395)
Orange1.Locked = true
Orange1.CFrame = CFrame.new(-26.637672424316, 3.8199439048767, 51.477661132813, 1, 0, 0, 0, -0.96591109037399, -0.25881484150887, 0, 0.25881484150887, -0.96591109037399)
Orange1.CastShadow = false
Orange1.Parent = Model

local Orange2 = Instance.new("MeshPart")
Orange2.Name = "Orange2"
Orange2.CanCollide = false
Orange2.Color = Color3.fromRGB(255, 176, 0)
Orange2.Massless = true
Orange2.Material = Enum.Material.Neon
Orange2.Reflectance = 1
Orange2.Size = Vector3.new(0.050005849450827, 3.4199826717377, 6.446400642395)
Orange2.Locked = true
Orange2.CFrame = CFrame.new(-26.637672424316, 6.8198986053467, 54.477615356445, 1, 0, 0, 0, -0.25881531834602, -0.96591079235077, 0, 0.96591079235077, -0.25881531834602)
Orange2.CastShadow = false
Orange2.Parent = Model

local Orange3 = Instance.new("MeshPart")
Orange3.Name = "Orange3"
Orange3.CanCollide = false
Orange3.Color = Color3.fromRGB(255, 176, 0)
Orange3.Massless = true
Orange3.Material = Enum.Material.Neon
Orange3.Reflectance = 1
Orange3.Size = Vector3.new(0.050005849450827, 3.4199826717377, 6.446400642395)
Orange3.Locked = true
Orange3.CFrame = CFrame.new(-26.637672424316, 10.819840431213, 53.47762298584, 1, 0, 0, 0, 0.70709562301636, -0.70709639787674, 0, 0.70709639787674, 0.70709562301636)
Orange3.CastShadow = false
Orange3.Parent = Model

local Orange4 = Instance.new("MeshPart")
Orange4.Name = "Orange4"
Orange4.CanCollide = false
Orange4.Color = Color3.fromRGB(255, 176, 0)
Orange4.Massless = true
Orange4.Material = Enum.Material.Neon
Orange4.Reflectance = 1
Orange4.Size = Vector3.new(0.050005849450827, 3.4199826717377, 6.446400642395)
Orange4.Locked = true
Orange4.CFrame = CFrame.new(-26.637672424316, 11.763940811157, 49.292541503906, 1, 0, 0, 0, 0.96591109037399, 0.25881457328796, 0, -0.25881457328796, 0.96591109037399)
Orange4.CastShadow = false
Orange4.Parent = Model

local Orange5 = Instance.new("MeshPart")
Orange5.Name = "Orange5"
Orange5.CanCollide = false
Orange5.Color = Color3.fromRGB(255, 176, 0)
Orange5.Massless = true
Orange5.Material = Enum.Material.Neon
Orange5.Reflectance = 1
Orange5.Size = Vector3.new(0.050005849450827, 3.4199826717377, 6.446400642395)
Orange5.Locked = true
Orange5.CFrame = CFrame.new(-26.637672424316, 8.7639961242676, 46.292530059814, 1, 0, 0, 0, 0.25881952047348, 0.96592545509338, 0, -0.96592545509338, 0.25881952047348)
Orange5.CastShadow = false
Orange5.Parent = Model

local Orange6 = Instance.new("MeshPart")
Orange6.Name = "Orange6"
Orange6.CanCollide = false
Orange6.Color = Color3.fromRGB(255, 176, 0)
Orange6.Massless = true
Orange6.Material = Enum.Material.Neon
Orange6.Reflectance = 1
Orange6.Size = Vector3.new(0.050005849450827, 3.4199826717377, 6.446400642395)
Orange6.Locked = true
Orange6.CFrame = CFrame.new(-26.637672424316, 4.7640113830566, 47.292472839355, 1, 0, 0, 0, -0.70709943771362, 0.70710051059723, 0, -0.70710051059723, -0.70709943771362)
Orange6.CastShadow = false
Orange6.Parent = Model

local Yellow = Instance.new("Part")
Yellow.Name = "Yellow"
Yellow.BottomSurface = Enum.SurfaceType.Smooth
Yellow.CanCollide = false
Yellow.TopSurface = Enum.SurfaceType.Smooth
Yellow.Transparency = 1
Yellow.Massless = true
Yellow.Size = Vector3.new(1, 1, 1)
Yellow.Locked = true
Yellow.CFrame = CFrame.new(-26.174686431885, 8.1670999526978, 50.38826751709, 1, 0, 0, 0, 0.99999392032623, 0, 0, 0, 0.99999392032623)
Yellow.CastShadow = false
Yellow.Parent = Model

local Orange61 = Instance.new("Weld")
Orange61.Name = "Orange6"
Orange61.C0 = CFrame.new(-0.46298599243164, -3.4031090736389, -3.0958137512207, 1, 0, 0, 0, -0.70710372924805, 0.70710480213165, 0, -0.70710480213165, -0.70710372924805)
Orange61.Parent = Yellow

local Orange51 = Instance.new("Weld")
Orange51.Name = "Orange5"
Orange51.C0 = CFrame.new(-0.46298599243164, 0.59689998626709, -4.095760345459, 1, 0, 0, 0, 0.25881806015968, 0.96592003107071, 0, -0.96592003107071, 0.25881806015968)
Orange51.Parent = Yellow

local Orange41 = Instance.new("Weld")
Orange41.Name = "Orange4"
Orange41.C0 = CFrame.new(-0.46298599243164, 3.5968627929688, -1.0957336425781, 1, 0, 0, 0, 0.96591699123383, 0.25881615281105, 0, -0.25881615281105, 0.96591699123383)
Orange41.Parent = Yellow

local Orange31 = Instance.new("Weld")
Orange31.Name = "Orange3"
Orange31.C0 = CFrame.new(-0.46298599243164, 2.652756690979, 3.0893745422363, 1, 0, 0, 0, 0.70709991455078, -0.70710068941116, 0, 0.70710068941116, 0.70709991455078)
Orange31.Parent = Yellow

local Orange21 = Instance.new("Weld")
Orange21.Name = "Orange2"
Orange21.C0 = CFrame.new(-0.46298599243164, -1.3472094535828, 4.0893707275391, 1, 0, 0, 0, -0.25881689786911, -0.9659166932106, 0, 0.9659166932106, -0.25881689786911)
Orange21.Parent = Yellow

local Orange11 = Instance.new("Weld")
Orange11.Name = "Orange1"
Orange11.C0 = CFrame.new(-0.46298599243164, -4.3471822738647, 1.0894012451172, 1, 0, 0, 0, -0.96591699123383, -0.25881642103195, 0, 0.25881642103195, -0.96591699123383)
Orange11.Parent = Yellow

Orange61.Part1 = Orange6
Orange61.Part0 = Yellow

Orange51.Part1 = Orange5
Orange51.Part0 = Yellow

Orange41.Part1 = Orange4
Orange41.Part0 = Yellow

Orange31.Part1 = Orange3
Orange31.Part0 = Yellow

Orange21.Part1 = Orange2
Orange21.Part0 = Yellow

Orange11.Part1 = Orange1
Orange11.Part0 = Yellow

Model.Parent = char

local root = Instance.new("Part")
root.Name = "root"
root.Parent = char
root.Anchored = false
root.CanCollide = false
root.Transparency = 0.9
root.Massless = true
root.Size = Vector3.new(5,5,5)

local rootweld = Instance.new("Weld")
rootweld.Parent = char.HumanoidRootPart
rootweld.Part0 = char.HumanoidRootPart
rootweld.Part1 = root
rootweld.Name = "rootweld"
rootweld.C0 = CFrame.new(0,4,2)*CFrame.Angles(0, math.rad(90), 0)

local weld1 = Instance.new("Weld")
weld1.Parent = char.HumanoidRootPart
weld1.Part0 = root
weld1.Part1 = Yellow
weld1.C0 = CFrame.new(0,4,0)*CFrame.Angles(math.rad(10), 0, 0)
weld1.Name = "weld1"

local welds = {Orange11,Orange21,Orange31,Orange41,Orange51,Orange61}
for i = 1,6,1 do
    spawn(function()
local args = {
   [1] = {
        [1] = getrenv()._G.Pass,
        [2] = "KnifeProjectileOrange",
        [3] = "Spawn",
        [4] = Vector3.new(0, 3000, 0) 
    }
}

game:GetService("ReplicatedStorage").Remotes.CharaMoves:InvokeServer(unpack(args))
end)
end
local args = {
   [1] = {
        [1] = getrenv()._G.Pass,
        [2] = "KnifeProjectileYellow",
        [3] = "Spawn",
        [4] = Vector3.new(0, 3000, 0) 
    }
}

game:GetService("ReplicatedStorage").Remotes.CharaMoves:InvokeServer(unpack(args))
local detect 
local detect2
local val = Instance.new('NumberValue',char)
val.Name = 'Wingpartslashcount'
local num = 0
local tab = {}
local tab2 = {}
detect = char.Attacks.ChildAdded:Connect(function(child)
    if child.Name == "KnifeSlashProjectileOrange" then
        table.insert(tab,child)
        child:WaitForChild("ParticleEmitter"):Destroy()
        child:WaitForChild("BodyVelocity"):Destroy()
local bp = Instance.new('BodyPosition',child)
bp.Name = 'Client'
bp.P = 30000
bp.D = 150
bp.Position = char.HumanoidRootPart.Position
table.insert(tab2,bp)
        num = num + 1
        val.Value = num
    end
end)
_G.nowings = false
detect2 = val:GetPropertyChangedSignal("Value"):Connect(function(amo)
if val.Value == 6 then
    
for i = 1,#tab do
spawn(function()
    local part = welds[i].Part1
    local sl = tab[i]
    local bs = tab2[i]
    part.Transparency = 1
while true do game['Run Service'].Heartbeat:wait()
    if _G.nowings then break end
    local cfr = part.CFrame*CFrame.Angles(0,math.rad(180),0)
bs.Position = cfr.p 
sl.CFrame = cfr
end
part:Destroy()
sl:Destroy()
end)
end
detect:Disconnect()
detect2:Disconnect()
val:Destroy()

end
end)




local detect3
detect3 = char.Attacks.ChildAdded:Connect(function(child)
    if child.Name == "YellowBlast" then
        child:WaitForChild("Hitted"):Destroy()
local bp = Instance.new('BodyPosition',child)
bp.Name = 'Client'
bp.P = 30000
bp.D = 150
bp.Position = char.HumanoidRootPart.Position
    Yellow.Transparency = 1
while true do game['Run Service'].Heartbeat:wait()
    if _G.nowings then break end
    local cfr = Yellow.CFrame
bs.Position = cfr.p 
child.CFrame = cfr
end
Yellow:Destroy()
child:Destroy()
end
end)